nsnps	PP.H0.abf	PP.H1.abf	PP.H2.abf	PP.H3.abf	PP.H4.abf	gene
3	0.954948457801308	3.85515763551474e-05	0.0443768469003471	1.15652037945654e-06	0.000634987201610601	ENSG00000233750.3
1	0.985474801734367	1.64901664273525e-05	0.014269926286663	0	0.000238781812542533	ENSG00000268903.1
12	0.0706741132250416	2.42957374187359e-05	0.902779728973128	0.000284112083093306	0.0262377499813183	ENSG00000225972.1
17	0.0257442679728148	1.26143363745842e-05	0.890943585652409	0.000353604145780687	0.0829459278926208	ENSG00000237973.1
21	1.00905408327081e-15	2.88529997283759e-19	0.983549672889801	0.000265051963919705	0.0161852751462777	ENSG00000237491.8
1	0.979642064021785	2.71027404012613e-05	0.019783503573965	0	0.000547329663848197	ENSG00000230092.7
13	0.107926428457782	2.57607132968525e-05	0.877009769317566	0.000194487909959136	0.0148435536013962	ENSG00000177757.2
58	8.70921211874038e-12	1.48347561758333e-14	0.974465051771979	0.00163594706158795	0.0238990011577075	ENSG00000228794.8
21	2.11709519871195e-21	6.05364451778233e-25	0.981545991866157	0.000262472769019169	0.0181915353648214	ENSG00000225880.5
45	0.00691586635689631	3.7042319769274e-06	0.983980554568405	0.000518451930077534	0.00858142291264495	ENSG00000188976.10
96	2.83015924455171e-15	5.28883740921607e-18	0.992926654640935	0.00185030068452273	0.00522304467454065	ENSG00000187961.13
48	2.645823763948e-06	1.62503307151639e-09	0.984019908617093	0.000588984710419037	0.0153884592236914	ENSG00000187583.10
42	0.0153479291485353	8.49765929758588e-06	0.971373001421375	0.000525072778448688	0.0127454989923437	ENSG00000187642.9
18	0.0347763872106498	3.62334494228873e-05	0.823881120717595	0.000717811671991598	0.140588446950341	ENSG00000272512.1
93	8.17231234184521e-14	1.97342148816142e-16	0.986479788996676	0.00237096775352115	0.0111492432497213	ENSG00000188290.10
181	1.36792323656928e-21	4.52306963538715e-24	0.989876518131751	0.00326619217847589	0.00685728968977043	ENSG00000187608.8
235	6.05996299476378e-11	1.6738746520915e-12	0.967739823968748	0.0267252415168307	0.00553493445214925	ENSG00000217801.9
63	6.88561530153374e-05	7.14474433391333e-08	0.992116843573691	0.0010226619948753	0.00679156683097389	ENSG00000131591.17
15	0.0261829396867292	3.6220908254399e-05	0.843343057644324	0.00103726189021031	0.129400519870482	ENSG00000223823.1
231	5.39444273834922e-14	5.50093459045604e-16	0.969382559879474	0.00986443869245523	0.0207530014280184	ENSG00000186891.13
125	0.000469985206349943	1.54903454761947e-06	0.976780090467928	0.00319984238646624	0.0195485329047073	ENSG00000186827.10
22	0.0203975880392234	7.90919124764452e-06	0.972890854542019	0.000370906950831061	0.00633274127667835	ENSG00000078808.16
195	5.41958655063048e-16	2.85645990574978e-18	0.971724217225748	0.00509841491601907	0.0231773678582337	ENSG00000176022.4
8	0.716587803150026	9.45659477781744e-05	0.279297733883596	3.28710601000333e-05	0.00398702595849943	ENSG00000162572.20
94	0.000187506552830577	2.0429678887705e-07	0.990204593365789	0.00107033490092321	0.00853736088366801	ENSG00000169972.11
63	0.201321163029586	9.9185902470442e-05	0.79230717853759	0.000384461922575906	0.00588801060777818	ENSG00000127054.20
153	1.85988936980748e-06	5.31137867107283e-09	0.990570004610276	0.00282221416333001	0.00660591602564481	ENSG00000224051.6
255	9.76648096417579e-12	6.7606305328797e-14	0.986536047828132	0.00682243617453168	0.0066415159875037	ENSG00000169962.4
7	0.0171883175355278	1.52553195227366e-05	0.945930734512791	0.000803489170402626	0.0360622034617556	ENSG00000224870.6
131	3.32378489754084e-05	7.37050795833311e-08	0.985343204964033	0.0021725520569604	0.0124509314249515	ENSG00000242485.5
86	2.72118398654771e-06	5.67417918153539e-09	0.992532371598757	0.00206421553537486	0.0054006860077023	ENSG00000272455.1
38	0.00177976601225428	4.11638605494607e-07	0.992766827224687	0.000224386492187903	0.00522860863226458	ENSG00000215915.9
263	6.03311787011138e-11	9.51406239358179e-13	0.902371502630241	0.0141466707463658	0.0834818265621108	ENSG00000160072.19
29	7.74429383530495e-05	1.71223312380741e-08	0.994162397550467	0.000214259540826565	0.00554588284802242	ENSG00000197785.13
120	2.50303028403251e-13	2.12079226185889e-16	0.993699738872259	0.000836487972397222	0.00546377315509435	ENSG00000160075.11
65	3.08509809992622e-10	1.42854085282179e-13	0.99414202749798	0.000454929969495241	0.00540304222387087	ENSG00000215014.4
41	0.0409179710719416	3.08432383744255e-05	0.950362304784024	0.000708385696481644	0.00798049520917835	ENSG00000228594.3
39	1.09700182817393e-06	3.4687278194927e-10	0.993446545331394	0.000307884052361822	0.00624447326754279	ENSG00000197530.12
190	7.2042742734746e-13	1.59260652989361e-15	0.993505797647647	0.00219198259778363	0.00430221975384725	ENSG00000248333.8
36	2.50139156995436e-60	6.68332962696147e-64	0.990027200473976	0.000254801888008925	0.00971799763800547	ENSG00000269737.2
171	1.11809253640607e-100	1.93237397130891e-103	0.987985715151209	0.00169719621444151	0.0103170886343474	ENSG00000189339.11
37	0.00873428726351407	2.2688799443313e-06	0.985665837840717	0.000250696587174822	0.00534690942864987	ENSG00000215914.4
37	1.10243123549163e-44	1.30566593909212e-47	0.945736900990121	0.00106688857963349	0.0531962104302495	ENSG00000008128.22
124	1.02911042318099e-142	2.00327651079581e-145	0.993775219598217	0.00193019807228616	0.00429458232947539	ENSG00000227775.3
236	3.93400851309292e-26	1.18492527713929e-28	0.944105036837556	0.00279054454324797	0.0531044186191931	ENSG00000215790.6
287	8.48879769573186e-19	2.69579751645999e-21	0.980074910167041	0.00309560599109173	0.0168294838418687	ENSG00000231050.1
8	0.540714312744422	3.26122005924626e-05	0.455627143888088	2.38782698197958e-05	0.00360205289707759	ENSG00000169885.9
28	0.179202735519028	4.58789125630401e-05	0.814030429196595	0.000201886403176604	0.00651906996863743	ENSG00000187730.8
164	1.26877361256675e-07	5.55172201145773e-10	0.961854910748642	0.00417477992682846	0.033970181891996	ENSG00000067606.16
160	1.22721520446525e-06	6.12097902374262e-09	0.973726443133496	0.00483521648687999	0.0214371070434404	ENSG00000271806.1
133	5.02602866723994e-05	1.84653821085879e-07	0.949880791487243	0.00344318973237722	0.0466255738398867	ENSG00000182873.5
126	2.11264620477638e-14	8.24386520710769e-16	0.938266294702724	0.0365874244582372	0.0251462808390169	ENSG00000162585.16
96	1.19792633025163e-09	1.32247548736881e-12	0.989665674082757	0.00108331082535657	0.00925101389263718	ENSG00000269896.2
11	0.647631540712898	4.69706711643822e-05	0.349973299277622	2.30573265673811e-05	0.00232513201174856	ENSG00000272420.1
70	3.40852125776508e-11	9.73740938137028e-14	0.988671093563147	0.00281590687452121	0.00851299952815098	ENSG00000116151.13
83	1.12406449012529e-41	1.52075730116306e-44	0.993410615928564	0.0013387438195837	0.00525064025185026	ENSG00000149527.17
79	0.00673539045713613	1.36872011684163e-05	0.969667102464483	0.00194885639589712	0.0216349634813157	ENSG00000157881.13
136	0.063508154212045	0.00018757459627538	0.915406271239691	0.00268548693922498	0.0182125130127633	ENSG00000157873.17
242	2.34596510706792e-11	5.43834160101813e-14	0.989621048373573	0.00228601506208139	0.00809293654083207	ENSG00000238164.6
3	0.931573377894552	6.31834976870184e-05	0.0671753237084551	3.37138916912699e-06	0.00118474351013719	ENSG00000225931.3
4	0.0620743934677082	5.45069178359652e-06	0.926308171247241	6.97960260497687e-05	0.0115421885672169	ENSG00000228037.1
354	2.24081650204302e-18	8.61545755329497e-21	0.99035112590714	0.00380184006589025	0.00584703402697206	ENSG00000157870.14
318	6.65076453309886e-22	1.9870543035424e-24	0.988145817439576	0.00294338045598925	0.00891080210443465	ENSG00000142606.15
256	1.12284323036148e-09	4.06302801901497e-12	0.987554003564003	0.00356460017225811	0.00888139513683147	ENSG00000215912.12
38	0.000894392603259673	1.46201528401253e-06	0.793179603343447	0.00109173505239597	0.204832806985613	ENSG00000162591.15
9	0.0143618045044844	1.26894128010881e-06	0.971784768868779	7.20822413848156e-05	0.0137800754440724	ENSG00000078900.14
104	2.98039343584576e-25	9.88939711092373e-28	0.985312756862844	0.00325798780010301	0.0114292553370498	ENSG00000116213.15
20	0.0161184109631889	1.88240057307693e-06	0.978863738850264	0.000109410770367601	0.00490655701560695	ENSG00000227372.11
205	1.72977363527744e-79	3.6698358702828e-82	0.992659761661199	0.00210075770074822	0.00523948063806499	ENSG00000235169.7
189	1.86872629844811e-12	2.87274263459437e-15	0.993228870435209	0.00152161449084401	0.00524951507207668	ENSG00000130764.9
392	6.25357141879608e-61	2.26973769532679e-63	0.991623673044542	0.0035943223784363	0.00478200457701495	ENSG00000116198.12
150	4.68777099877954e-27	1.22814921699927e-29	0.943669239871088	0.00241840687555645	0.0539123532533584	ENSG00000198912.10
7	0.693606505864994	3.71713734718391e-05	0.304190811325738	1.41506637315691e-05	0.00215136077206444	ENSG00000236423.5
256	5.71622192216366e-14	1.54605723401573e-16	0.982339057634282	0.00264189740613729	0.0150190449595235	ENSG00000069424.14
183	8.6881365938988e-11	2.15931169430146e-13	0.993154697590246	0.00246396216431999	0.00438134015833678	ENSG00000131697.17
28	1.47029639507978e-14	5.98195721170208e-18	0.995095861031611	0.000400354779169371	0.00450378418920309	ENSG00000158286.12
64	1.40570822542982e-19	1.65447723630997e-22	0.988616323849192	0.00115334200160547	0.0102303341491996	ENSG00000116237.15
17	0.232485282054742	3.00003768195363e-05	0.762103389032789	9.30551083315574e-05	0.00528827342731811	ENSG00000097021.19
230	1.23432389541398e-14	2.36208365236115e-17	0.988413997762543	0.00188179003379958	0.00970421220364127	ENSG00000187017.15
29	7.49797354249595e-06	1.90707536821185e-09	0.993842619010262	0.000246876331913104	0.00590300477720587	ENSG00000215788.9
231	1.81400729302609e-30	5.46519510762795e-33	0.991433806410777	0.00298138178373353	0.00558481180549549	ENSG00000171680.21
152	7.31655347737222e-06	1.12816862312129e-08	0.984341078911216	0.00150364690489022	0.014147946348729	ENSG00000162408.10
41	4.22443716836946e-09	1.60598304045343e-12	0.992274641823788	0.000369872580672222	0.00735548136949459	ENSG00000204859.12
224	1.48104683077222e-22	3.4845346537844e-25	0.970312368335359	0.00225547139295171	0.0274321602716884	ENSG00000116273.5
96	2.30916184372055e-06	1.8678535488286e-09	0.990481113690402	0.000792464280487888	0.00872411099941282	ENSG00000041988.15
192	1.27020472185684e-20	9.17243981415046e-23	0.913264745594582	0.00651467374559177	0.0802205806598241	ENSG00000049245.12
56	0.25708414994048	9.19674910658509e-05	0.737883706298461	0.000259284479790861	0.00468089179020204	ENSG00000269925.1
142	0.000244918817357976	5.84616258580629e-07	0.984584865482139	0.00233735186147545	0.0128322792227691	ENSG00000049246.14
196	1.39943192202765e-75	6.40519098435642e-78	0.98961565824741	0.00452360382008628	0.00586073793249554	ENSG00000049247.13
36	0.127713075614486	7.16075177496779e-05	0.860825534155236	0.000471738719379052	0.0109180439931499	ENSG00000049249.8
291	8.45676056205563e-15	2.46493683315026e-17	0.990646470038334	0.00288101727102653	0.00647251269062825	ENSG00000116288.12
4	0.819890319049191	0.000114227313114912	0.174743162555755	1.91120797234806e-05	0.00523317900221559	ENSG00000116285.12
21	0.0341459987786606	3.34062471370354e-05	0.899891704554585	0.000815282507421401	0.0651136079121957	ENSG00000232912.5
713	1.82761400830801e-44	2.33955732511665e-46	0.853058890672102	0.0107839833815973	0.136157125946295	ENSG00000142599.17
66	0.0056517701182418	3.97956355754145e-06	0.981506174863775	0.000678945802656569	0.0121591296517687	ENSG00000236269.1
21	0.128215561140565	0.00024702380057762	0.806510926640931	0.00149031105095663	0.0635361773669699	ENSG00000232208.2
26	2.96397597320439e-24	1.15127051779722e-27	0.992103584771776	0.000377835288672909	0.00751857993954875	ENSG00000131686.14
153	1.53428856762647e-06	3.43517178670171e-09	0.984486770237686	0.00219088069863633	0.0133208113399394	ENSG00000142583.17
5	0.766597639696236	0.0452334952789984	0.0813575335645453	0.00469843098309267	0.102112900477128	ENSG00000180758.11
9	0.00506756644599521	1.47867447580594e-06	0.974943106784201	0.000264757340380599	0.0197230907549473	ENSG00000228526.6
95	3.28895686455553e-20	4.2814934855198e-23	0.99247254791146	0.00128573775619025	0.00624171433235041	ENSG00000049239.12
74	6.40778642899021e-14	1.84970281993176e-16	0.975071182213395	0.00279255166919596	0.0221362661173433	ENSG00000171621.13
2	0.907689110039841	3.04882260585693e-05	0.0906930557010917	1.4603890701384e-06	0.00158588564393846	ENSG00000171608.15
23	0.0395756037403997	0.000666717810995237	0.208392890039237	0.00276212714048771	0.748602661268881	ENSG00000171603.16
16	0.940093888023228	0.000570413134955047	0.0572248368836853	3.26436312883602e-05	0.00207821832684289	ENSG00000173614.13
402	0.0971242347137042	0.000964247245105893	0.878405644347104	0.00870599184581773	0.0147998818482686	ENSG00000162444.11
174	2.77901540780519e-09	1.10872739265999e-11	0.990806378327112	0.00394771588839456	0.00524590299439084	ENSG00000054523.17
75	0.000442370461002893	1.81156583595995e-07	0.993272534925937	0.000400874266052157	0.00588403919042469	ENSG00000241563.3
227	2.685278092083e-10	9.8236389385383e-13	0.991784786380496	0.00362368655541313	0.0045915267945801	ENSG00000142655.12
4	0.862112105674836	4.6976495478274e-05	0.135986854598859	5.5614229781722e-06	0.00184850180784798	ENSG00000272078.1
94	0.00404197643884215	0.00698038330203383	0.253401635905534	0.437319472008829	0.298256532344761	ENSG00000226849.1
285	5.65078679085183e-19	2.77980725007417e-18	0.0639785929849684	0.314109758846075	0.621911648168953	ENSG00000198793.12
79	0.0378654996846476	6.14351614405417e-05	0.92386498264693	0.00146218571194825	0.036745896795033	ENSG00000204624.7
27	0.000163997303238318	4.23391928695887e-07	0.594758129311194	0.0011315414836863	0.403945908509952	ENSG00000132879.13
37	4.16150316334355e-31	8.65434520915221e-34	0.949688616917299	0.00192660666523294	0.048384776417468	ENSG00000116661.9
35	1.24103299705107e-06	2.2435846427332e-09	0.993353444362841	0.001790966182264	0.00485434617831377	ENSG00000116663.10
38	5.43346365020951e-06	2.35894136016696e-08	0.911684378861275	0.00387364644225836	0.0844365176434036	ENSG00000162490.6
19	0.0132481367638813	2.19961720506785e-05	0.97889639030354	0.00161906873969001	0.0062144080208385	ENSG00000177674.15
396	3.81722997231032e-40	3.57827746321632e-42	0.978872544889165	0.00916400339373393	0.0119634517170963	ENSG00000177000.10
316	3.15771592163375e-39	2.8495019588257e-41	0.978414675538655	0.00881638036407987	0.0127689440972639	ENSG00000011021.21
466	1.29359292776389e-39	1.37719853810251e-41	0.984365433369845	0.0104746951640667	0.00515987146608158	ENSG00000242349.5
25	0.38224638961057	6.90490845392391e-05	0.613739114898071	0.000107027570173241	0.00383841883664664	ENSG00000175206.10
249	2.37130304013627e-34	1.15591306277807e-36	0.990455871946341	0.00482334573262867	0.00472078232102962	ENSG00000116685.15
337	2.27757117609635e-54	1.87393687553567e-56	0.987127147892829	0.00811711541575798	0.00475573669140766	ENSG00000083444.16
354	2.5167277608223e-135	2.30706788421109e-137	0.986233140600164	0.00903600386533159	0.0047308555345155	ENSG00000116688.16
302	1.43170245664595e-47	1.10075413886646e-49	0.987568662209618	0.00758800731594223	0.00484333047443639	ENSG00000116691.10
3	0.969332437286813	0.002388787218627	0.0198973414078317	4.06935360414854e-05	0.00834074055068701	ENSG00000189337.16
148	0.000153636120264452	3.28347269785027e-07	0.989613379473716	0.00210685113365952	0.00812580492508994	ENSG00000171729.13
76	0.003057183004205	1.33008779069385e-05	0.934542926426537	0.00400753435124866	0.0583790553401024	ENSG00000142621.19
34	1.96242041104293e-20	1.53080647093791e-23	0.989003527203454	0.000761247271652593	0.0102352255248926	ENSG00000228140.1
6	1.15909856989854e-08	9.97538484635695e-13	0.971395010330351	5.50498562794628e-05	0.0285499282213868	ENSG00000142634.12
32	0.000134544599095113	3.29294020909089e-08	0.994671826594994	0.000238487949220557	0.00495510792728799	ENSG00000162438.11
201	0.00201255167810384	8.52605722386616e-06	0.984982156981262	0.00416398639702749	0.00883277888638301	ENSG00000132906.17
396	2.88187840600501e-06	1.02244689916066e-08	0.985468764790322	0.00348525113293174	0.0110430919738717	ENSG00000197312.11
521	5.31341594392514e-10	3.26339536888992e-12	0.958160921921156	0.00584884533920126	0.0359902322050388	ENSG00000116786.11
103	1.19032776664257e-14	1.31536470921325e-17	0.993944298346769	0.00109338999903475	0.0049623116541838	ENSG00000162461.7
19	0.423076509089869	0.00011692770294052	0.56826626235579	0.000148662859926166	0.0083916379914739	ENSG00000224321.1
107	8.11744327069471e-05	1.27245386895902e-07	0.981535916509559	0.00152175049060138	0.0168610313217457	ENSG00000178715.8
144	3.60209546537915e-06	6.83381455980818e-09	0.990714709117019	0.0018721521500163	0.00740952980368422	ENSG00000179743.4
65	0.246545899698156	9.46873550645546e-05	0.748668977070492	0.000283123266257759	0.00440731261002925	ENSG00000065526.10
470	8.24509831987089e-66	2.56285161881266e-67	0.965206330380106	0.0299970360958834	0.00479663352402246	ENSG00000142632.16
475	1.8160165998969e-49	4.43550820044706e-51	0.970687383763968	0.0237028290618985	0.00560978717412748	ENSG00000237276.8
164	7.76683842040616e-06	1.3515873551248e-07	0.948131010473784	0.0164640048024881	0.0353970827265718	ENSG00000132881.11
77	0.000150912172171515	2.00812670484458e-06	0.941586657583815	0.0124835326076093	0.0457768895096991	ENSG00000233929.1
32	0.0016028247615696	1.5394983451664e-05	0.672608863382767	0.00614071366209838	0.319632203210113	ENSG00000037637.10
129	1.3965774223806e-27	1.2547200884304e-29	0.934389152862114	0.00833751253060531	0.0572733346072783	ENSG00000157191.19
126	1.09221491413624e-18	4.11356273222951e-21	0.989808966615972	0.00372140592560347	0.006469627458427	ENSG00000226029.1
42	0.000104340246597739	1.16001680460011e-07	0.990108138190046	0.00109207078004243	0.00869533478163397	ENSG00000080947.14
135	3.93563457990811e-11	1.78162649451208e-09	0.0215546974185342	0.975759143920089	0.0026861568403929	ENSG00000219481.10
314	5.19757475178539e-12	0.000430623887000305	1.14676208034883e-08	0.950053499651513	0.0495158649886692	ENSG00000186301.8
329	9.99708254334753e-16	4.21484993491263e-12	0.000237129155763747	0.999755473667444	7.39717257526275e-06	ENSG00000215908.10
509	2.0635882947952e-29	1.93964207396213e-21	6.39032867268403e-10	0.0591241593768139	0.94087583998416	ENSG00000186715.10
70	1.67278416367336e-05	1.87462278576109e-07	0.981845150018386	0.0109960067764219	0.00714192790127584	ENSG00000235241.1
208	7.25740514113867e-08	3.90785294434783e-10	0.983221923270017	0.00528280298579704	0.0114952007793512	ENSG00000238142.1
512	6.21161185502684e-45	5.83852105193627e-37	1.04807048952594e-08	0.985104870865807	0.0148951186534895	ENSG00000058453.16
89	8.31645611993964e-12	0.000167485357358722	4.80813988720946e-08	0.968281171848536	0.0315512947043883	ENSG00000159363.17
2	0.00391562951358586	3.19547486784574e-07	0.960238427163736	4.25602686344213e-05	0.0358030635065564	ENSG00000117118.9
465	2.57588301203585e-210	2.42116660541488e-202	1.06390158292174e-08	0.999999989122841	2.38142528830153e-10	ENSG00000117115.12
159	4.12542390663796e-09	9.79454283729133e-12	0.993179109430252	0.00235352919112709	0.00446735724340278	ENSG00000159339.13
345	1.82454913508619e-75	7.17832640860859e-78	0.991843688621241	0.00389795375951574	0.00425835761924393	ENSG00000276747.1
169	3.82946667532335e-11	6.72091735542452e-14	0.99301468620297	0.00173754573418805	0.00524776802448159	ENSG00000179051.13
83	2.65944335255374e-15	2.42174132586801e-18	0.993008207385822	0.000898159134470067	0.00609363347970761	ENSG00000159423.16
19	0.293487306515336	0.000204399458232042	0.679482120297484	0.000446846513166201	0.0263793272157822	ENSG00000272084.1
13	0.081021781990121	1.0449931468501e-05	0.911182802123669	0.000109846337002779	0.00767511961773905	ENSG00000127481.14
248	1.09064003625906e-08	1.40815159319323e-10	0.870992810453444	0.0111277182890414	0.117879460210297	ENSG00000127463.13
119	1.12845257793726e-07	2.2660923211653e-10	0.991747317206878	0.00198530156157962	0.00626726815967459	ENSG00000053372.4
6	0.00723502998526983	6.80512131455574e-07	0.97134369971857	7.001202513525e-05	0.0213505777588933	ENSG00000211454.13
31	4.87439991204899e-05	2.76246620713497e-08	0.975500880838553	0.000528923699042179	0.0239214238386224	ENSG00000162482.4
55	1.63391789222183e-08	1.73873121228429e-11	0.975345066213779	0.00101427130615173	0.0236406461235042	ENSG00000053371.12
279	3.75158483393072e-19	1.31364307623417e-20	0.721790116865263	0.0250207852752817	0.253189097859458	ENSG00000040487.12
98	7.49568524321799e-11	1.78272556728469e-12	0.96859958568893	0.0230281773224676	0.00837223691186236	ENSG00000173436.13
139	5.14048604985875e-06	5.07665584357167e-07	0.821593290417326	0.0810417847338381	0.0973592766972012	ENSG00000158747.13
149	1.55477518288768e-36	3.55497152251902e-39	0.990038375332318	0.0022560031572537	0.00770562151042557	ENSG00000158748.3
127	9.03038812661566e-08	1.13665905622167e-10	0.988297688711671	0.00123350607606299	0.0104687147947176	ENSG00000162542.13
185	1.22086814813494e-11	2.28411608476251e-13	0.974059402790065	0.0182159037370607	0.00772469346043647	ENSG00000169914.5
15	0.144548222924174	0.000140801646400376	0.815563719975251	0.000755433125927041	0.0389918223282476	ENSG00000187980.6
18	0.415523831747239	0.000343921695113801	0.561395989311994	0.000442363595337506	0.0222938936503156	ENSG00000162543.5
19	0.171676984322345	0.000141783349960533	0.760761558251378	0.000561434030323511	0.0668582400459928	ENSG00000225986.1
97	4.95037588068144e-21	8.13588725300792e-24	0.975229724616759	0.00157958843053356	0.0231906869527085	ENSG00000090432.6
248	5.28792640046842e-59	1.41190669345253e-61	0.991775019868816	0.00264251374923051	0.00558246638196666	ENSG00000158825.5
48	0.00762139530365192	5.20119446870996e-06	0.985871157661473	0.000666969033662826	0.0058352768067433	ENSG00000117242.7
120	4.40408642640268e-05	3.5257733668616e-08	0.993089403132505	0.000788958645065253	0.00607756210043235	ENSG00000244038.9
627	2.75786919087709e-45	1.98874004724214e-44	0.112767698622944	0.8131103431667	0.0741219582103607	ENSG00000127483.17
26	0.235926911061417	0.00397862407494539	0.537696577606861	0.00885406333907141	0.213543823917705	ENSG00000075151.20
19	0.0529297883670892	0.000194636071057476	0.825818958245368	0.00291860485760327	0.118138012458882	ENSG00000236936.1
25	4.45230859494793e-10	9.08013583775567e-14	0.991478127968606	0.000193876229488346	0.008327995356584	ENSG00000117298.14
122	5.82509450116225e-20	6.33290439831301e-22	0.889060537015424	0.00956427982743218	0.101375183157141	ENSG00000227001.3
316	1.32994695537604e-117	2.51934572820272e-119	0.855966085826905	0.0160867935733616	0.127947120599735	ENSG00000142794.18
1	0.72326373454595	3.06900552254535e-06	0.275563903559304	0	0.00116929288922328	ENSG00000162551.13
34	0.020036020693719	6.67196689130563e-06	0.974494409017154	0.000319361739795276	0.00514353658244011	ENSG00000233431.1
296	2.29029499681398e-57	2.43607872526902e-59	0.976155203374097	0.0103694269499304	0.013475369675967	ENSG00000076864.19
20	0.385244892836995	4.1937492857336e-05	0.611336593667592	6.3236339533402e-05	0.00331333966302196	ENSG00000090686.15
357	1.54393538348017e-22	2.51547633751155e-23	0.848605485178807	0.138246979195722	0.0131475356254675	ENSG00000218510.6
279	2.24241714927744e-23	4.0238525609762e-23	0.356542058704778	0.63978481425464	0.00367312704057839	ENSG00000070831.15
82	1.02067091034e-19	2.30131673047213e-22	0.992166533792567	0.00223144561199634	0.00560202059543659	ENSG00000184677.16
49	0.011347966013204	1.14009880051774e-05	0.942361343425437	0.000901386509204548	0.0453779030641496	ENSG00000173372.16
1	0.92477764501829	8.89775622957539e-06	0.0744966867004332	0	0.000716770525047018	ENSG00000159189.11
6	0.666016732350868	3.41212127642447e-05	0.330868790103992	1.38845203114178e-05	0.0030664718120638	ENSG00000173369.15
35	1.94907493994234e-17	8.50578429774374e-21	0.992755042620655	0.000426420846930109	0.00681853653241178	ENSG00000133216.16
125	0.0308348283509962	3.28474114879893e-05	0.959628397194327	0.00101377299849799	0.00849015404469111	ENSG00000169641.13
83	0.000130563665428483	2.8704414980768e-06	0.93930130097429	0.020610579478607	0.0399546854401758	ENSG00000204219.9
32	0.429353208701588	0.000428532374192775	0.550854858120791	0.000530969306097681	0.0188324314973307	ENSG00000088280.18
16	0.502462299929426	0.000178899966116712	0.4866332289113	0.000162701210079697	0.0105628699830775	ENSG00000197880.8
220	3.48314972551944e-21	5.6276413387225e-24	0.986421234353349	0.00158174006679067	0.0119970255798616	ENSG00000011007.12
169	0.00122896512114646	1.27525167868541e-06	0.991811934462159	0.0010232319898302	0.00593459317518496	ENSG00000236810.5
16	0.671613723302117	0.000194201370731873	0.323032427989497	8.83355650225074e-05	0.00507131177263131	ENSG00000057757.9
56	0.216466563062962	6.35279913532892e-05	0.779394058207516	0.000224883384455673	0.00385096735371224	ENSG00000011009.10
2	0.957271617121675	3.33412519933122e-05	0.0419390472781398	7.05425380893519e-07	0.0007552889228109	ENSG00000117308.14
151	8.17535102288932e-06	7.1445636199203e-09	0.994436867009196	0.000864362917580661	0.00469058757763613	ENSG00000117305.14
389	1.21816182629832e-20	5.70384236835022e-23	0.990450432897404	0.00463270436372663	0.00491686273886887	ENSG00000179163.11
85	0.00407095555260653	8.21889631396598e-06	0.976623585408136	0.00195437308083219	0.0173428670621109	ENSG00000188822.7
83	6.78491866908727e-08	1.86235643589726e-10	0.964591617695974	0.0026148630570577	0.0327934512115463	ENSG00000188529.14
7	0.902832586383049	0.000149715900688522	0.0961547912094649	1.50974518811282e-05	0.000847809054916457	ENSG00000185436.11
151	1.42819485811198e-06	2.01482761194913e-08	0.881566809817919	0.0123306132322553	0.106101128606691	ENSG00000001460.17
37	0.140913271755814	7.34359616287543e-05	0.846242476484663	0.000428671176959156	0.0123421446209349	ENSG00000001461.16
8	0.819075898158247	3.76456139862162e-05	0.179841577804827	7.22806302749889e-06	0.00103765035991243	ENSG00000133226.16
125	3.10314213793048e-08	2.23280878983915e-11	0.994473423422296	0.000710739235143997	0.00481580628880985	ENSG00000169504.14
10	0.0827118909870148	7.47449450657077e-06	0.910733615235992	7.58298355060027e-05	0.00647118944698092	ENSG00000117614.9
2	0.967325896281837	0.000124400542778216	0.0299380673067462	1.23971458629389e-06	0.00261039615405259	ENSG00000272432.1
254	3.15504058713304e-102	1.61596131725443e-103	0.885198111053988	0.0452688981978583	0.0695329907481488	ENSG00000261349.1
257	4.59755185433921e-142	2.3604950471608e-143	0.822583983876996	0.042098146402858	0.135317869720143	ENSG00000187010.19
229	2.8923377673617e-76	1.44493932603338e-77	0.823683844494046	0.0410138744353634	0.135302281070603	ENSG00000224183.1
9	0.175315430888261	1.16864889960956e-05	0.818519525152368	4.84574358381076e-05	0.00610490003453584	ENSG00000117616.17
245	2.36714016883679e-45	1.21413820838787e-46	0.822730637024956	0.042063761522415	0.135205601452625	ENSG00000183726.10
196	8.60677011929633e-05	4.19473942522862e-06	0.875433934584839	0.0425847212325912	0.0818910817419519	ENSG00000188672.17
66	3.01537107578013e-40	5.16796681898832e-43	0.991664053297107	0.00169294447613926	0.00664300222675613	ENSG00000157978.11
7	0.766132689503341	0.000279714663843778	0.231354922442372	8.23172109223645e-05	0.00215035617952072	ENSG00000117643.14
4	0.917773278201185	4.59146530865798e-05	0.0811564250250301	3.03877606533098e-06	0.00102134334463341	ENSG00000162430.16
1	0.86292941714473	1.45675286095001e-05	0.134780716895099	0	0.00227529843156218	ENSG00000117640.17
1	0.994650537489448	2.8139214733813e-05	0.00517492188872208	0	0.000146401407096213	ENSG00000117632.22
13	0.431241963783178	0.000146919081964717	0.5476144223316	0.000165734854504428	0.0208309599487527	ENSG00000142675.17
224	5.64983122481712e-13	1.11711102660631e-15	0.991645343126992	0.00195432717384876	0.00640032969859318	ENSG00000130695.14
169	2.9879008798671e-06	3.71804883156338e-09	0.991272461406412	0.00122600938823774	0.00749853758642218	ENSG00000142669.14
557	8.62859009851863e-48	1.03985410290729e-49	0.954345454199756	0.0114668805835918	0.0341876652166495	ENSG00000169442.8
172	2.17466343152462e-10	9.05863843549971e-13	0.970651088595152	0.00401795092471628	0.0253309602617586	ENSG00000158062.20
34	0.166872902872409	4.65978130284263e-05	0.827505240761027	0.000225724137973946	0.00534953441556218	ENSG00000176092.14
81	0.000827420075737492	1.26756113947929e-06	0.985249017171643	0.00149692084953812	0.0124253743419416	ENSG00000176083.17
118	6.42911576226529e-09	4.70093340972017e-12	0.993976246259916	0.000721487600252128	0.00530225970601608	ENSG00000117682.16
17	0.26105683824772	0.000107210651336828	0.723563153986317	0.000282161806830465	0.0149906353077952	ENSG00000198830.10
172	0.0140758838878225	4.64487174627667e-05	0.965099132302119	0.00316709918525971	0.0176114359073357	ENSG00000260063.1
114	0.243818514360561	0.000527648324581104	0.740632680970138	0.00158937346046981	0.0134317828842496	ENSG00000117713.18
263	4.24185032980441e-18	2.44761453106255e-20	0.971500671027707	0.0055827955366884	0.0229165334356078	ENSG00000060642.10
367	1.63536843957877e-15	1.00433868772661e-17	0.985039154029764	0.0060405601087363	0.00892028586149705	ENSG00000204160.11
13	0.0502035286357198	6.17304395419641e-06	0.943146674077825	0.000109435465798418	0.00653418877670219	ENSG00000142751.14
84	9.1859056603191e-07	1.70069120227843e-09	0.986874169169312	0.00181580329661327	0.0113091072428181	ENSG00000253368.3
145	0.0264384680073677	2.3224604359171e-05	0.966586155525752	0.000842978642112987	0.00610917322040789	ENSG00000090020.10
88	7.50567721807466e-05	1.69602488276943e-07	0.977593674387338	0.0021888832307655	0.0201422160072274	ENSG00000142784.15
75	0.323415453024819	0.00065726252656337	0.658371314570841	0.0013217438748718	0.0162342260029051	ENSG00000243659.1
13	0.656176233612785	0.000175816173905396	0.3358101587963	8.22215647249017e-05	0.00775556985228491	ENSG00000186501.14
32	0.0135809841119788	1.91880180006799e-05	0.958166639866301	0.00132684818797206	0.0269063398157474	ENSG00000142765.17
34	6.44917982121708e-07	1.04591598697688e-09	0.884591319838575	0.00132052623984993	0.114087507957677	ENSG00000142733.14
81	0.0387233329496541	9.14628957461044e-05	0.949916885275946	0.00223463033589485	0.00903368854275898	ENSG00000158195.10
20	0.72996687152204	0.000208802468424478	0.265994523140263	7.23285992023782e-05	0.00375747427006983	ENSG00000000938.12
18	0.803167445187365	0.000256853004584234	0.193272392625169	5.85637791404502e-05	0.00324474540374104	ENSG00000225886.3
28	1.8753711768642e-07	6.63106025937288e-11	0.992570303044444	0.000343873874423535	0.00708563547770441	ENSG00000130775.15
243	3.82085525264936e-57	1.40739855559622e-59	0.907192907993845	0.00325205804460865	0.0895550339615576	ENSG00000117748.9
160	3.83792002938641e-11	5.60292515526522e-14	0.992336727473947	0.00144247755476837	0.00622079493284836	ENSG00000130768.14
26	0.301992659681619	0.000216821879418547	0.680010863145959	0.000470919135101544	0.0173087361579018	ENSG00000158156.7
159	1.9105575501544e-74	8.57363223068114e-77	0.984255949253669	0.00440551272567402	0.0113385380206709	ENSG00000158161.15
13	0.554710436687335	0.000153477497192675	0.433379783175991	0.000108259642268219	0.0116480429972134	ENSG00000169403.11
186	1.1095452162089e-22	2.2616759047355e-25	0.993404123623303	0.00202036059068511	0.00457551578601442	ENSG00000126698.10
409	1.77488754010434e-14	6.38757005595108e-17	0.989425378908425	0.00355378162272093	0.00702083946883553	ENSG00000130770.17
48	0.0348577318739222	1.77603724058874e-05	0.952525652186401	0.000473195943347247	0.0121256596239242	ENSG00000270605.1
599	3.14200822715877e-14	1.65497621552972e-16	0.981223317854623	0.00515473260515492	0.0136219495401918	ENSG00000130766.4
867	3.19497138276738e-27	4.86070078847278e-29	0.980794072320963	0.0149171172039057	0.00428881047513172	ENSG00000204138.12
175	0.0133015434816754	1.84911417533248e-05	0.961755230420694	0.00131337274961582	0.0236113622062622	ENSG00000180198.15
1	0.982036580119596	1.81572546518054e-05	0.017619489068706	0	0.000325773557046354	ENSG00000274266.1
70	0.002154409567358	3.50902442626392e-06	0.975399215393842	0.00156781993747396	0.0208750460769005	ENSG00000273544.1
262	0.0189293212746911	2.5026943941454e-05	0.975380775975305	0.0012851964045833	0.0043796794014793	ENSG00000197989.13
69	0.220962626430067	0.000173263842678433	0.769312103102766	0.000594284433988334	0.00895772219050001	ENSG00000198492.15
52	7.95821615482219e-11	2.97791385402523e-14	0.993267717750248	0.000365307486011718	0.00636697468412646	ENSG00000116329.10
158	0.000280190905541045	4.1127558283801e-07	0.990895423048447	0.00144709964279799	0.00737687512763174	ENSG00000159023.19
18	0.000970758707698356	2.109821381802e-07	0.988218790413217	0.000204170797425397	0.0106060690995215	ENSG00000116353.15
9	0.18430949470352	8.8864420297859e-05	0.801565262852577	0.000372809372033752	0.0136635686515715	ENSG00000060656.19
2	0.934629245537198	4.83344167745824e-05	0.0639712344539305	1.95905032035385e-06	0.00134922654177623	ENSG00000186056.9
49	0.00319367230722747	2.98779113027904e-06	0.973008270157153	0.000887375264947653	0.0229076944795412	ENSG00000162510.5
77	1.05701695200458e-05	1.20588420564696e-08	0.991562304583521	0.00112390790703322	0.00730320528108289	ENSG00000162511.7
143	0.000101586885793472	9.81181537824415e-08	0.992483361645274	0.000952131728686318	0.00646282162209242	ENSG00000162512.15
237	0.00184899161600407	3.00175986658486e-06	0.990762653545416	0.00160267868637416	0.0057826743923397	ENSG00000121766.15
2	0.868765722868102	2.97093885623816e-05	0.129594630899182	2.82466631391722e-06	0.00160711217783939	ENSG00000121769.7
757	3.19188641502539e-34	5.55327236468513e-36	0.977772369981648	0.0170061491481459	0.00522148087020541	ENSG00000168528.11
184	8.68113438012986e-06	1.60350116049975e-08	0.991208442555809	0.0018239122473008	0.00695894802749764	ENSG00000162517.12
25	0.270122811731341	0.000135767804382294	0.72052200354889	0.000353279101990555	0.00886613781339604	ENSG00000134668.12
112	0.0708681557079694	0.000523960091426364	0.850175796941974	0.00621351277896241	0.0722185744796682	ENSG00000121775.17
1	0.912646626069729	1.07910937712422e-05	0.0863219162757129	0	0.0010206665607871	ENSG00000084652.15
5	0.908533959344618	6.54450811047005e-05	0.0903934606639255	5.50975210359109e-06	0.00100162515824796	ENSG00000224066.1
232	4.15091914077448e-28	5.35556019814342e-29	0.874240726361005	0.112782495234125	0.0129767784048715	ENSG00000220785.7
15	0.0993961593889123	2.16643651619846e-05	0.888250327360673	0.000181452450652273	0.0121503964346	ENSG00000183615.5
2	0.521768859860968	5.79010680742246e-05	0.453005481500743	2.51277163476303e-05	0.0251426298538671	ENSG00000233775.1
2	0.907960676610003	4.54714711641546e-05	0.0888581805580219	1.31574040140145e-06	0.00313435562040992	ENSG00000162526.6
1	0.954637317867374	4.20377615798853e-05	0.0434091102291741	0	0.0019115341418724	ENSG00000225828.1
266	9.84502991984479e-14	2.82995820417427e-16	0.990997060810602	0.00284246495950355	0.00616047422979638	ENSG00000176261.15
238	4.1892840257772e-12	9.03136385336711e-15	0.991918163331567	0.00213245273698147	0.00594938392725468	ENSG00000162521.18
218	2.07425843432746e-05	7.66167673793188e-08	0.980634231754045	0.0036064246340028	0.0157385244108414	ENSG00000162522.10
350	7.92557535379558e-38	4.60982522830502e-40	0.985575470403068	0.00572379244479324	0.0087007371521359	ENSG00000116497.17
305	2.4140161690286e-12	9.52110043113833e-15	0.991564245250794	0.00390629055602381	0.00452946419075843	ENSG00000278966.2
112	0.000154105287815551	1.02974524970554e-07	0.994521790957555	0.000659884196120863	0.00466411658398323	ENSG00000217644.5
28	0.393599247386791	5.0600251435174e-05	0.603557631712984	7.4874392150597e-05	0.00271764625663921	ENSG00000004455.16
345	1.13547030418928e-06	4.23687491599395e-09	0.989898150549646	0.00368727598108097	0.00641343376209372	ENSG00000278997.1
191	0.0296994302603466	3.79630459023923e-05	0.962639552793738	0.00122408691135359	0.00639896698865966	ENSG00000279179.1
101	2.81245190135169e-06	1.92531543267802e-09	0.990600635899228	0.000669406655771875	0.00872714306778373	ENSG00000160094.14
518	3.35142442869941e-37	2.10021974073175e-39	0.968881190400033	0.00604656519153251	0.0250722444084401	ENSG00000184389.9
14	0.376789481103769	3.16504550013995e-05	0.61970246161925	4.86274553450132e-05	0.00342777936663441	ENSG00000222112.1
45	0.395873802715277	0.000427010597273337	0.589067613401741	0.000621389561618416	0.0140101837240898	ENSG00000134686.18
17	0.0199727317253698	1.70147213628288e-06	0.975438280814337	7.85886515032708e-05	0.00450869733665345	ENSG00000189280.3
31	0.074439419785289	1.74142766661866e-05	0.920241983377119	0.000210189412644678	0.0050909931482814	ENSG00000187513.8
10	0.0673780315143061	3.7879996667777e-06	0.925920565308574	4.54031346930191e-05	0.00665221204276059	ENSG00000230163.1
83	6.72207195588401e-24	3.79254000941788e-27	0.991292763834505	0.000551123450574792	0.00815611271492005	ENSG00000163866.8
61	1.53780179912794e-09	1.3002825377283e-12	0.978206395584861	0.000806131273605455	0.0209874716024325	ENSG00000116544.11
6	0.491345482312715	0.000837302233408569	0.40637641389819	0.000591657230944954	0.100849144324742	ENSG00000243749.1
71	0.0165074202708709	9.81368703409035e-06	0.976499145467068	0.00057412076145207	0.00640949981357508	ENSG00000197056.9
4	0.836620151785415	4.36322363810083e-05	0.161168727053301	6.24418510911537e-06	0.00216124473979354	ENSG00000142687.17
162	0.00221474979294061	2.64667301256931e-06	0.989581609335198	0.00117554557927287	0.00702544861957577	ENSG00000239636.1
51	0.00228877325845094	9.4398277343449e-06	0.981545079568128	0.0040361688367733	0.0121205385089139	ENSG00000126067.11
181	1.54619778286626e-05	3.89939350079066e-08	0.984990482729613	0.00247154880026437	0.0125224674983591	ENSG00000142686.7
573	5.81860118136933e-75	3.32061812112264e-76	0.939784735135894	0.0536259956799049	0.00658926918419581	ENSG00000116871.15
24	1.04615565512647e-10	2.86247710798236e-14	0.983872848109355	0.000253332152831603	0.0158738196331693	ENSG00000142694.6
134	1.44622666989166e-20	2.00737939012029e-23	0.992994011627092	0.00137265386967509	0.00563333450323366	ENSG00000116883.8
6	0.782320429295731	2.1905275602201e-05	0.21666577232259	5.07991250930474e-06	0.000986813193567012	ENSG00000196182.10
126	0.0163366795799133	1.5622796224548e-05	0.975918295931134	0.000926469498997646	0.00680293219373082	ENSG00000116898.11
13	0.335431246045115	2.99661442279638e-05	0.660889982971219	5.54480258304784e-05	0.00359335681360722	ENSG00000119535.17
355	2.43478644201766e-31	1.84493232685379e-33	0.987871002091456	0.00748083440312846	0.00464816350541056	ENSG00000233621.1
1	0.947543937780879	4.87996094303582e-05	0.0498404231356709	0	0.00256683947402022	ENSG00000163874.10
178	3.5959400974245e-22	1.47650373542341e-24	0.977590456932174	0.00399560164913145	0.0184139414186922	ENSG00000163875.15
67	0.215693405713492	0.00027572097969114	0.773713532809935	0.000979700724942911	0.00933763977193915	ENSG00000163877.10
60	0.00231540829176798	9.09646952720725e-07	0.992249257157556	0.00038477209756149	0.00504965280616237	ENSG00000134697.12
52	2.88959783076293e-15	4.86264566082303e-18	0.992679914536545	0.0016648369658923	0.00565524849756215	ENSG00000116922.14
108	0.0280449794475121	4.89317124607269e-05	0.954903265911131	0.00165072336049108	0.0153520995684048	ENSG00000196449.3
10	0.688651526754073	6.02699869320358e-05	0.308137377240834	2.38408424963542e-05	0.00312698517566507	ENSG00000197982.13
309	2.85196540474531e-72	2.91373437219175e-74	0.97872901129185	0.00998798401487601	0.0112830046932668	ENSG00000204084.12
182	6.90906027555923e-39	3.94663127259603e-41	0.989561790574647	0.0056478387178873	0.00479037070746624	ENSG00000183431.11
290	5.22086253587215e-87	3.85068887966175e-89	0.987935685530183	0.00728181608940727	0.00478249838040815	ENSG00000183386.9
133	2.03004799100788e-05	1.19882039851712e-07	0.977973060042651	0.00575905468939061	0.0162474649060091	ENSG00000183520.11
