nsnps	PP.H0.abf	PP.H1.abf	PP.H2.abf	PP.H3.abf	PP.H4.abf	gene
1	0.668819857667192	0.0125963245906069	0.0160627865356666	0	0.302521031206534	ENSG00000154358
2	0.9409796491804	0.0160051514975898	0.0045217080348423	3.8454833157469e-05	0.0384550364540101	ENSG00000117013
1	0.701481496808635	0.0306733126824218	0.00598851562429011	0	0.261856674884653	ENSG00000163482
3	0.705566614466215	0.140006313348056	0.00131357319840316	0.000107647837744661	0.153005851149581	ENSG00000135914
2	0.00588081998247961	0.248723894208393	3.64179911243726e-05	0.000795702409577155	0.744563165408425	ENSG00000168918
5	0.353376860397659	0.353136989415193	0.00164098297986851	0.00134937329242041	0.290495793914859	ENSG00000127837
81	0.00397866736948753	0.0112117010897608	0.0207713975312396	0.0576264281401978	0.906411805869314	ENSG00000129055
1	0.394913300894975	0.157029812352094	0.00112398877242678	0	0.446932897980504	ENSG00000114026
1	0.939951871199368	0.0536227259065972	0.000110690488799933	0	0.00631471240523452	ENSG00000244607
6	0.0160038816800079	0.00225675791501825	0.0393525741750511	0.00461145547597151	0.937775330753951	ENSG00000109794
11	0.0936284777487601	0.0396395979402959	0.0236268349021189	0.00916898457315373	0.833936104835671	ENSG00000171421
1	0.939269924980021	0.0263513119745331	0.00118322644440123	0	0.0331955366010443	ENSG00000112992
1	0.817817135438349	0.0763365946584196	0.00112194353163335	0	0.104724326371598	ENSG00000155545
4	0.461030059685146	0.473250445359292	0.000259491176764952	0.000201110538407273	0.0652588932403903	ENSG00000166278
5	0.700009346346856	0.122446447247437	0.00561014972160898	0.000810210053441066	0.171123846630657	ENSG00000179344
1	0.895901186045509	0.0205882151277228	0.00348244458573913	0	0.0800281542410287	ENSG00000232629
18	0.281940358481338	0.10682576231311	0.0206660266765878	0.00724693107084642	0.583320921458118	ENSG00000237541
1	0.729153787326378	0.14640705618981	0.000616675407474278	0	0.123822481076338	ENSG00000198502
2	0.157417271016249	0.00736444074791983	0.0347865963646999	0.000827814932292022	0.799603876938839	ENSG00000196735
1	0.961146521258364	0.0345097304590793	0.000117701588075061	0	0.00422604669448112	ENSG00000111877
29	0.167733232772347	0.246549525826628	0.0119611962125751	0.0170249204405812	0.556731124747869	ENSG00000010818
1	0.951814885200318	0.00794015044895095	0.0043079065970109	0	0.0359370577537206	ENSG00000065060
3	0.47028973311185	0.468365912270774	0.000183690081967616	0.00012189989371808	0.0610387646416896	ENSG00000204525
2	0.4619946892325	0.018090078164622	0.0252621677964617	0.000495019104375118	0.494158045702041	ENSG00000169193
5	0.192375347180861	0.13109393710556	0.00705274912339245	0.00414074975611921	0.665337216834067	ENSG00000155093
1	0.968325236220758	0.0264414668074193	0.000184880407643588	0	0.00504841656417968	ENSG00000128596
1	0.683190398400284	0.253275779617496	0.00017091618047281	0	0.0633629058017473	ENSG00000173611
1	0.959869468241217	0.0333376184577707	0.000190110427099424	0	0.00660280287391298	ENSG00000136826
7	0.0102155615135569	0.236775824772058	0.000252118716622045	0.00509593570209794	0.747660559295665	ENSG00000196358
2	0.316723704153955	0.187465695816696	0.00110368290422444	0.000158711025488709	0.494548206099636	ENSG00000136878
1	0.966559476513983	0.00902744673215406	0.00236108425336413	0	0.0220519925004988	ENSG00000119383
1	0.870056363695412	0.0545038792593319	0.00118533819123316	0	0.0742544188540228	ENSG00000107758
1	0.679814786412918	0.23340499796273	0.00025202179097692	0	0.0865281938333749	ENSG00000166321
1	0.594675694126499	0.174110117851564	0.000787027390395445	0	0.230427160631541	ENSG00000183955
2	0.847608879007419	0.124841225996162	0.000372746690993181	2.77511059005531e-05	0.0271493971995255	ENSG00000184226
2	0.900743852629048	0.0443945510435033	0.00213769144151912	5.2688205466894e-05	0.052671216680463	ENSG00000122035
1	0.77956380794239	0.00817964988925615	0.0184689777324082	0	0.193787564435946	ENSG00000183648
1	0.960403521921418	0.0189997645271774	0.000991031547736306	0	0.0196056820036678	ENSG00000126777
1	0.964976209201893	0.00935761525947447	0.00239932470941386	0	0.0232668508292186	ENSG00000165929
1	0.937275901699585	0.0123577718431367	0.00355073144162842	0	0.04681559501565	ENSG00000166825
4	1.49212665745045e-12	0.724552108028195	1.32402359438119e-15	0.000367843983695198	0.275080047986617	ENSG00000140511
1	0.947345014160444	0.0184963183218218	0.00166429765852841	0	0.0324943698592059	ENSG00000140526
1	0.936080765744851	0.056970105179469	0.000112335944083372	0	0.00683679313159719	ENSG00000047578
1	0.865960006256873	0.0111516256439276	0.00885505750536894	0	0.114033310593831	ENSG00000158792
8	0.217935967855859	0.0965510802651441	0.0103373271875122	0.00390842708979868	0.671267197601686	ENSG00000136444
31	1.0554207607677e-06	0.150599100934422	1.66796748162828e-06	0.23739203211162	0.612006143565716	ENSG00000108592
3	0.839731533958974	0.0436465761722559	0.00693249874151005	0.000250890750281088	0.109438500376979	ENSG00000176681
1	0.432754915795348	0.00600384474052283	0.0377341948068441	0	0.523507044657285	ENSG00000238083
1	0.340943206445364	0.174559602640659	0.00094445689110877	0	0.483552734022868	ENSG00000108510
5	0.620330996605261	0.138625583392333	0.00982863757878925	0.00196716143444689	0.229247620989169	ENSG00000184828
48	4.85359821193834e-06	0.231195816837799	1.74708364057295e-06	0.0825341457790236	0.686263436701324	ENSG00000101000
10	0.247369168207867	0.297287230094184	0.00398735695978201	0.00434497762365242	0.447011267114515	ENSG00000214078
1	0.893831233176519	0.0199874930503968	0.00368901479461807	0	0.0824922589784664	ENSG00000100321
12	0.551626542044802	0.123817249356178	0.0161551345386604	0.00332107677563114	0.305079997284729	ENSG00000128408
